15  10  173  0.284750389772
15  50  173  0.31453726684
15  100  173  0.477545387126
15  150  173  0.599845429874
15  200  173  0.68988208227
15  250  173  0.825611966512
15  300  173  1.05422091569
15  350  173  1.37943039302
15  400  173  1.82014668098
15  450  173  2.21853958004
15  500  173  2.69920135793
15  600  173  3.91284591982
15  700  173  5.15736479353
15  800  173  7.05551405722
15  900  173  8.75660024256
15  1000  173  9.57566841317
15  1500  173  19.8283124815
15  2000  173  33.8702860351
15  3000  173  71.9608492254
