10  100  50  2.51147897373
50  100  50  2.59602178261
100  100  50  2.80641430327
150  100  50  3.04164870637
200  100  50  3.22953217549
250  100  50  3.52729653101
300  100  50  3.74782223008
350  100  50  4.05293937585
400  100  50  4.51672918189
450  100  50  4.6376615646
500  100  50  5.41735005047
600  100  50  6.36953549535
700  100  50  6.5824429041
800  100  50  7.05229146643
900  100  50  7.71362403583
1000  100  50  8.22632921831
1500  100  50  12.413597352
2000  100  50  16.1459630156
3000  100  50  24.6703484164
